currentArea=1
currentRoom=4
x=230.000000
y=26.000000
health=100.00
bosses=36
weapons=253
abilities=128
doors=4524
cinematics=1254
chests=354
secrets=413
dialogs=396
events=623